0 1 139 16 179 249 261 81 40 25 89 324 12 31 137 118 181 12 4 12
1 0 3 47 29 269 184 3 12 11 6 230 12 84 12 2 12 12 1 3
139 3 0 94 118 268 394 35 17 12 12 353 117 127 13 47 100 142 12 48
16 47 94 0 25 276 134 3 1 4 12 221 12 97 3 12 62 12 1 12
179 29 118 25 0 289 331 3 12 12 7 360 12 149 12 49 103 12 5 12
249 269 268 276 289 0 23 346 12 12 12 204 373 6 12 12 406 12 2 12
261 184 394 134 331 23 0 6 10 3 2 12 12 123 8 12 79 7 1 10
81 3 35 3 3 346 6 0 12 12 43 201 110 125 64 54 102 94 12 12
40 12 17 1 12 12 10 12 0 12 12 462 37 74 12 356 406 12 12 351
25 11 12 4 12 12 3 12 12 0 1 351 101 156 12 24 119 12 1 41
89 6 12 12 7 12 2 43 12 1 0 55 260 124 262 182 303 291 12 176
324 230 353 221 360 204 12 201 462 351 200 0 417 175 390 12 396 12 12 25
12 12 117 12 12 373 12 110 37 101 260 417 0 198 12 73 150 152 1 47
31 84 127 97 149 6 123 125 74 156 124 175 198 0 156 123 188 114 12 228
137 12 13 3 12 12 8 64 12 12 262 390 12 156 0 25 63 25 10 12
118 2 47 12 49 12 12 54 356 24 182 12 73 123 25 0 208 12 12 54
181 12 100 62 103 406 79 102 406 119 303 396 150 188 63 208 0 10 2 12
12 12 142 12 12 12 7 94 12 12 291 12 152 114 25 12 10 0 5 12
4 1 12 1 5 2 1 12 12 1 12 12 1 12 10 12 2 5 0 12
12 3 48 12 12 12 10 12 351 41 176 25 47 228 12 54 12 12 12 0
