0.000 1.000 139.000 16.000 179.000 249.000 261.000 81.000 40.000 25.000 89.000 324.000 12.000 31.000 137.707 118.000 181.000 12.000 4.000 12.000
1.000 0.000 3.000 47.000 29.000 269.000 184.000 3.000 12.000 11.000 6.000 230.000 12.000 84.000 12.000 2.000 12.000 12.000 1.000 3.000
139.000 3.000 0.000 94.000 118.000 268.000 394.792 35.000 17.000 12.000 12.000 353.000 117.000 127.000 13.000 47.000 100.000 142.000 12.000 48.000
16.000 47.000 94.000 0.000 25.000 276.000 134.000 3.000 1.000 4.000 12.000 221.000 12.000 97.000 3.000 12.000 62.000 12.000 1.000 12.000
179.000 29.000 118.000 25.000 0.000 289.000 331.000 3.000 12.000 12.000 7.000 360.000 12.000 149.000 12.000 49.000 103.000 12.000 5.000 12.000
249.000 269.000 268.000 276.000 289.000 0.000 23.000 346.684 12.000 12.000 12.000 204.000 373.000 6.000 12.000 12.000 406.000 12.000 2.000 12.000
261.000 184.000 394.792 134.000 331.000 23.000 0.000 6.000 10.000 3.000 2.000 12.000 12.000 123.000 8.000 12.000 79.000 7.000 1.000 10.000
81.000 3.000 35.000 3.000 3.000 346.684 6.000 0.000 12.000 12.000 43.000 201.000 110.000 125.000 64.000 54.000 102.000 94.000 12.000 12.000
40.000 12.000 17.000 1.000 12.000 12.000 10.000 12.000 0.000 12.000 12.000 462.000 37.000 74.000 12.000 356.000 406.000 12.000 12.000 351.000
25.000 11.000 12.000 4.000 12.000 12.000 3.000 12.000 12.000 0.000 1.000 351.000 101.000 156.000 12.000 24.000 119.000 12.000 1.000 41.000
89.000 6.000 12.000 12.000 7.000 12.000 2.000 43.000 12.000 1.000 0.000 55.000 260.000 124.000 262.000 182.641 303.000 291.000 12.000 176.000
324.000 230.000 353.000 221.000 360.000 204.000 12.000 201.000 462.000 351.000 200.000 0.000 417.000 175.000 390.000 12.000 396.000 12.000 12.000 25.000
12.000 12.000 117.000 12.000 12.000 373.000 12.000 110.000 37.000 101.000 260.000 417.000 0.000 198.000 12.000 73.000 150.000 152.000 1.000 47.000
31.000 84.000 127.000 97.000 149.000 6.000 123.000 125.000 74.000 156.000 124.000 175.000 198.000 0.000 156.000 123.000 188.000 114.000 12.000 228.000
137.707 12.000 13.000 3.000 12.000 12.000 8.000 64.000 12.000 12.000 262.000 390.000 12.000 156.000 0.000 25.000 63.000 25.000 10.000 12.000
118.000 2.000 47.000 12.000 49.000 12.000 12.000 54.000 356.000 24.000 182.641 12.000 73.000 123.000 25.000 0.000 208.000 12.000 12.000 54.000
181.000 12.000 100.000 62.000 103.000 406.000 79.000 102.000 406.000 119.000 303.000 396.000 150.000 188.000 63.000 208.000 0.000 10.000 2.000 12.000
12.000 12.000 142.000 12.000 12.000 12.000 7.000 94.000 12.000 12.000 291.000 12.000 152.000 114.000 25.000 12.000 10.000 0.000 5.000 12.000
4.000 1.000 12.000 1.000 5.000 2.000 1.000 12.000 12.000 1.000 12.000 12.000 1.000 12.000 10.000 12.000 2.000 5.000 0.000 12.000
12.000 3.000 48.000 12.000 12.000 12.000 10.000 12.000 351.000 41.000 176.000 25.000 47.000 228.000 12.000 54.000 12.000 12.000 12.000 0.000
