CON ERRORE
3 dim, inizio in 0, cc = 0.01
200:  max 320, media 2.35
400:  max 450, media 2.7
600:  max 250, media 3
1000: media 3.55
2000: media 3.8
3000: media 3.6

SENZA ERRORE
3 dim, inizio in 0, delta = 0.00025
200: media 1.56
400: media 2.15
1000: media 2.71
3000: media 3.33

3 dim, inizio in 0, delta = 0.01
1000: 3.47
2000: 3.44
3000: 3.43

81 165 170 2338.000000
d:(81, 170) = 33
d:(81, 165) = 2387
d:(165, 170) = 16

165 81 170 2338.000000
d:(165, 170) = 16
d:(165, 81) = 2387
d:(81, 170) = 33

81 165 59 2325.000000
d:(81, 59) = 12
d:(81, 165) = 2387
d:(165, 59) = 96

165 81 13 2296.000000
d:(165, 13) = 53
d:(165, 81) = 2387
d:(81, 13) = 107

81 165 195 2281.000000
d:(81, 195) = 94
d:(81, 165) = 2387
d:(165, 195) = 12

165 81 195 2281.000000
d:(165, 195) = 12
d:(165, 81) = 2387
d:(81, 195) = 94

165 81 59 2279.000000
d:(165, 59) = 96
d:(165, 81) = 2387
d:(81, 59) = 12

81 165 186 2273.000000
d:(81, 186) = 62
d:(81, 165) = 2387
d:(165, 186) = 52

165 81 186 2273.000000
d:(165, 186) = 52
d:(165, 81) = 2387
d:(81, 186) = 62

81 165 172 2272.000000
d:(81, 172) = 12
d:(81, 165) = 2387
d:(165, 172) = 103

1600677 over 8000000 = 20.0084625 %
Maximum: 2338.00
Average: 19.18
Average of violations: 95.87
Minimum: 0.00

32 38 197 21 176.000000
13 145 15 190 175.000000
31 149 194 23 171.000000
64 153 15 185 170.000000

Average: 65.85
544 over 40000 = 1.36 %
