0.000 1.000 139.000 16.000 179.000 249.000 261.000 81.000 40.000 25.000 89.000 324.000 12.000 31.000 137.707 118.000 181.000 12.000 4.000 12.000 78.000 94.000 135.000 150.000 53.000 38.877 32.000 109.000 41.000 199.000 177.106 104.000 241.000 136.000 12.000 24.000 194.000 130.000 101.000 9.000 120.000 116.000 12.000 55.000 150.000 125.000 195.000 109.000 12.000 12.000 156.000 54.000 78.000 28.000 20.000 101.000 12.000 12.000 98.000 226.000 12.000 111.000 110.000 212.000 5.000 157.000 150.000 12.000 151.000 30.000 126.000 13.000 12.000 172.000 12.000 210.000 123.000 219.000 88.000 41.000 14.000 409.000 117.000 74.000 182.000 96.000 98.000 108.000 184.000 203.000 125.000 12.000 166.000 23.000 196.000 170.000 58.000 150.000 148.000 56.000 167.000 280.000 149.000 112.000 12.000 12.000 180.000 182.000 2.000 12.000 78.000 160.000 258.000 87.000 139.000 3.000 240.000 270.000 41.000 156.000 107.000 184.000 34.000 52.000 155.000 9.000 133.000 162.000 12.000 268.000 12.000 12.000 153.000 139.000 179.000 96.000 204.000 78.000 39.000 12.000 12.000 250.000 25.000 5.000 109.000 115.000 175.000 15.000 66.000 162.000 12.000 158.000 153.000 188.000 134.000 119.000 114.000 78.000 57.000 12.000 172.000 147.000 156.000 210.000 128.000 250.000 12.000 169.000 299.000 240.000 103.000 54.000 165.000 160.000 164.000 56.000 25.000 63.000 12.000 25.000 319.000 546.000 146.000 150.000 163.000 149.000 33.000 33.000 128.000 144.000 163.000 12.000 165.000 47.000 39.000 12.000 124.000 46.000 76.000 206.000 
1.000 0.000 3.000 47.000 29.000 269.000 184.000 3.000 12.000 11.000 6.000 230.000 12.000 84.000 12.000 2.000 12.000 12.000 1.000 3.000 12.000 109.000 22.000 292.000 42.000 8.000 88.000 1.000 104.000 12.000 42.000 3.000 305.000 23.000 3.000 12.000 63.000 12.000 194.000 1.000 5.000 12.000 2.000 106.000 26.000 12.000 12.000 12.000 12.000 55.000 54.000 107.000 1.000 140.000 8.000 12.000 125.000 12.000 12.000 78.000 2.000 2.000 10.000 86.000 1.000 26.000 25.000 25.000 12.000 11.000 5.000 12.000 10.000 56.000 12.000 16.000 12.000 9.000 12.000 11.000 64.000 12.000 12.000 150.000 12.000 11.000 3.000 7.000 78.097 87.000 23.000 83.000 12.000 104.000 25.000 72.000 94.000 16.000 12.000 12.000 68.000 80.000 15.000 12.000 9.000 12.000 37.000 54.000 1.000 12.000 10.000 54.000 147.000 12.000 214.000 3.000 109.000 95.000 92.000 55.000 1.000 76.208 32.000 6.000 8.000 10.000 47.000 12.000 2.000 326.000 2.000 2.000 2.000 57.000 25.000 112.000 76.994 12.000 126.000 12.000 12.000 323.000 65.000 1.000 12.000 1.000 10.000 25.000 144.000 76.000 12.000 37.000 12.000 65.000 47.000 12.000 12.000 16.000 55.000 2.000 12.000 12.000 12.000 102.000 8.000 290.000 12.000 31.000 333.000 114.000 1.000 5.000 12.000 12.000 12.000 141.000 12.000 12.000 67.000 100.000 307.000 277.000 61.000 4.000 12.000 16.000 2.000 3.000 12.000 35.000 12.000 11.000 94.000 75.000 93.000 2.000 41.000 129.000 10.000 79.000 
139.000 3.000 0.000 94.000 118.000 268.000 394.792 35.000 17.000 12.000 12.000 353.000 117.000 127.000 13.000 47.000 100.000 142.000 12.000 48.000 26.000 166.000 44.000 306.000 125.043 138.704 116.000 12.000 115.000 109.000 300.953 6.000 365.000 88.000 7.000 12.000 16.000 12.000 179.000 6.000 12.000 12.000 25.000 138.000 47.000 49.000 134.000 23.000 25.000 126.000 70.000 129.256 24.000 127.000 1.000 28.000 140.000 130.000 23.000 96.000 12.000 19.000 12.000 89.000 9.000 23.000 173.000 60.000 12.000 180.000 47.000 109.000 10.000 244.000 30.000 190.000 12.000 110.000 59.655 8.000 101.000 12.000 45.000 159.000 108.000 48.000 5.000 47.000 64.000 148.000 39.000 149.000 57.000 124.000 80.000 101.000 121.000 12.000 3.000 227.000 400.000 79.000 51.000 37.000 4.000 120.807 56.000 58.000 12.000 26.000 12.000 79.000 354.000 187.017 248.000 12.000 114.000 157.000 104.000 74.000 39.000 90.000 55.000 12.000 76.000 45.170 51.000 125.000 12.000 337.000 12.000 12.000 47.000 95.113 93.000 195.173 172.000 74.000 131.000 50.000 66.000 346.000 121.000 1.000 46.000 12.000 44.000 47.000 200.000 73.000 62.000 38.000 39.000 85.000 53.000 182.912 0.576 3.000 77.000 22.000 85.000 34.000 94.000 124.000 46.000 130.000 43.926 54.000 271.000 125.000 12.000 108.000 53.000 116.000 125.000 209.000 77.000 55.000 83.000 124.000 420.000 401.000 47.000 15.000 94.000 110.000 30.000 153.000 44.000 58.201 70.000 12.000 109.000 148.000 112.000 12.000 210.000 149.000 144.000 107.000 
16.000 47.000 94.000 0.000 25.000 276.000 134.000 3.000 1.000 4.000 12.000 221.000 12.000 97.000 3.000 12.000 62.000 12.000 1.000 12.000 12.000 106.000 14.000 156.000 123.000 109.000 124.000 12.000 124.000 102.000 80.000 3.000 348.000 47.000 9.000 5.000 75.000 9.000 118.000 1.000 7.000 12.000 12.000 62.000 10.000 50.000 55.000 12.000 12.000 55.000 78.000 122.000 1.000 120.000 12.000 24.000 147.000 4.000 12.000 75.000 9.000 12.000 12.000 78.000 1.000 25.000 61.000 55.000 12.000 2.000 12.000 12.000 1.000 59.000 12.000 113.000 10.000 23.000 20.000 3.000 94.000 12.000 12.000 164.000 12.000 6.000 1.000 17.000 37.000 98.000 25.000 170.000 12.000 47.000 81.000 93.000 12.000 25.000 12.000 12.000 107.000 80.000 20.000 51.000 12.000 12.000 47.000 57.000 7.000 12.000 10.000 67.000 345.000 186.000 188.000 1.000 101.000 85.000 57.000 63.000 12.000 72.000 55.000 1.000 62.000 1.000 22.000 12.000 7.000 355.000 12.000 12.000 54.000 57.000 90.000 127.000 87.651 25.000 150.000 12.000 12.000 348.000 78.000 3.000 12.000 4.000 24.000 12.000 206.000 25.000 12.000 31.000 12.000 85.000 55.000 132.000 10.000 25.000 47.000 12.000 9.000 12.000 12.000 54.000 8.000 163.000 12.000 12.000 398.000 129.000 12.000 12.000 12.000 101.000 57.000 52.000 12.000 25.000 12.000 122.000 196.000 270.000 15.000 15.000 79.000 98.000 12.000 111.000 1.000 41.309 12.000 12.000 103.153 100.000 107.000 4.000 222.000 148.000 87.000 98.000 
179.000 29.000 118.000 25.000 0.000 289.000 331.000 3.000 12.000 12.000 7.000 360.000 12.000 149.000 12.000 49.000 103.000 12.000 5.000 12.000 50.000 209.000 61.000 306.000 144.713 163.000 137.000 12.000 63.000 12.000 317.745 12.000 359.000 70.000 8.000 12.000 100.000 10.000 181.000 1.000 1.000 39.000 55.000 161.000 66.000 77.000 18.000 12.000 12.000 12.000 94.000 158.109 1.000 119.000 47.000 27.000 111.000 59.000 12.000 103.061 12.000 12.000 12.000 106.000 3.000 52.000 68.000 47.000 12.000 103.000 12.000 12.000 12.000 281.000 63.000 103.000 12.000 133.000 54.000 10.000 109.000 312.000 43.000 191.000 83.000 53.000 32.000 32.000 102.000 140.000 58.000 182.000 60.000 152.000 103.000 121.000 150.000 16.000 12.000 12.000 105.000 98.000 36.000 47.000 12.000 12.000 50.000 93.000 6.000 30.000 12.000 95.000 352.000 174.000 260.000 4.000 151.000 20.000 107.000 77.000 12.000 84.279 59.000 6.000 51.000 7.000 20.000 134.000 12.000 388.000 12.000 2.000 76.959 41.000 102.000 203.000 91.000 25.000 191.000 47.000 12.000 362.160 152.000 26.000 12.000 12.000 25.000 40.000 187.000 115.000 14.000 73.000 25.000 87.000 69.000 144.000 52.000 47.000 118.000 3.000 12.000 12.000 101.000 127.000 31.000 331.000 12.000 115.000 286.000 141.000 12.000 12.000 25.000 12.000 101.000 90.000 85.000 36.000 12.000 140.000 235.000 404.000 98.000 46.000 109.000 103.000 34.000 145.000 10.000 86.628 12.000 11.000 111.000 74.000 107.000 10.000 245.000 156.000 187.000 99.000 
249.000 269.000 268.000 276.000 289.000 0.000 23.000 346.684 12.000 12.000 12.000 204.000 373.000 6.000 12.000 12.000 406.000 12.000 2.000 12.000 25.000 215.000 40.000 606.000 219.000 163.000 236.000 12.000 227.612 405.000 141.000 12.000 29.000 352.000 12.000 12.000 350.000 56.000 149.000 2.000 12.000 12.000 12.000 160.000 381.000 88.000 291.000 312.000 12.000 3.000 344.000 259.000 306.000 87.000 201.000 351.000 234.000 55.000 12.000 353.000 12.000 12.000 313.000 390.000 12.000 351.000 380.000 393.000 12.000 25.000 12.000 12.000 3.000 352.000 150.000 297.000 12.000 150.000 12.000 12.000 234.000 45.000 304.000 160.000 17.000 327.000 15.000 265.000 371.000 388.000 203.000 157.000 158.000 164.000 289.000 407.000 240.000 329.000 8.000 12.000 349.000 375.000 352.000 152.000 344.000 12.000 361.000 374.000 12.000 12.000 24.000 385.000 11.000 185.000 230.000 12.000 398.000 383.000 422.000 218.000 12.000 401.000 48.000 8.000 383.000 2.000 344.000 421.000 11.000 32.000 12.000 12.000 329.000 310.000 426.000 106.000 367.754 56.000 12.000 32.000 12.000 253.000 228.000 314.000 12.000 12.000 25.000 12.000 279.000 367.000 12.000 405.000 172.000 165.000 201.000 425.000 336.000 349.000 96.000 12.000 360.000 12.000 126.000 414.000 12.000 484.000 122.000 375.000 246.000 421.000 4.000 297.000 70.000 328.000 430.000 210.000 116.000 182.000 103.000 211.000 203.000 293.000 369.000 331.000 190.000 385.000 4.000 238.000 12.000 363.276 12.000 12.000 415.000 61.000 278.000 12.000 336.000 231.000 154.000 422.000 
261.000 184.000 394.792 134.000 331.000 23.000 0.000 6.000 10.000 3.000 2.000 12.000 12.000 123.000 8.000 12.000 79.000 7.000 1.000 10.000 12.000 97.000 31.000 306.000 55.000 84.000 106.000 1.000 25.000 100.000 244.000 6.000 261.000 54.000 12.000 3.000 78.000 1.000 187.000 1.000 2.000 12.000 12.000 120.000 30.000 12.000 12.000 25.000 12.000 12.000 77.000 140.000 1.000 36.000 12.000 6.000 116.000 1.000 12.000 78.000 4.000 12.000 12.000 28.000 4.000 20.000 47.000 26.000 12.000 25.000 12.000 12.000 10.000 250.000 10.000 29.000 3.000 12.000 41.000 12.000 107.000 137.000 1.000 167.000 4.000 12.000 12.000 7.000 82.000 91.000 24.000 12.000 13.000 107.000 78.000 96.000 12.000 12.000 12.000 12.000 71.000 77.000 14.000 12.000 7.000 12.000 12.000 72.000 7.000 4.000 11.000 78.000 343.000 12.000 248.000 1.000 123.000 12.000 96.000 78.000 5.000 20.000 44.000 3.000 15.000 6.000 8.000 12.000 2.000 373.000 12.000 12.000 12.000 33.000 77.000 101.000 89.000 12.000 126.000 12.000 12.000 319.000 146.000 3.000 12.000 11.000 12.000 12.000 56.000 86.000 2.000 55.000 3.000 86.000 55.000 36.000 16.000 12.000 12.000 1.000 15.000 11.000 12.000 12.000 12.000 300.000 12.000 106.000 245.000 116.000 2.000 9.000 12.000 12.000 12.000 27.000 1.000 25.000 12.000 12.000 197.000 355.000 70.000 16.000 25.000 76.000 5.000 25.000 12.000 53.000 12.000 12.000 72.000 45.000 95.000 6.000 12.000 141.000 7.000 91.000 
81.000 3.000 35.000 3.000 3.000 346.684 6.000 0.000 12.000 12.000 43.000 201.000 110.000 125.000 64.000 54.000 102.000 94.000 12.000 12.000 50.000 175.000 46.000 328.000 85.000 114.000 145.000 9.000 104.000 118.000 292.960 11.000 355.000 76.000 12.000 12.000 87.000 12.000 148.000 2.000 1.000 12.000 31.000 101.000 30.000 47.000 76.000 12.000 12.000 25.000 57.922 98.000 1.000 101.000 73.000 1.000 136.000 12.000 32.000 87.000 12.000 25.000 2.000 95.000 12.000 106.000 119.000 76.000 12.000 148.000 36.000 31.000 12.000 231.000 50.000 137.849 71.000 115.000 32.000 29.000 78.000 359.000 19.000 166.000 54.000 14.000 14.000 66.000 105.000 176.000 47.000 169.541 2.000 110.000 99.000 94.000 12.000 78.000 13.000 172.000 101.000 94.000 11.000 12.000 47.000 12.000 111.000 56.000 12.000 12.000 50.000 74.000 338.000 206.000 229.413 12.000 102.000 156.000 57.000 78.000 12.000 105.000 70.000 12.000 133.000 62.000 70.000 39.000 67.000 379.000 12.000 12.000 12.000 57.000 359.000 200.000 56.000 12.000 128.000 12.000 71.000 326.000 110.000 12.000 42.000 12.000 12.000 85.000 151.000 92.000 12.000 52.000 68.000 232.000 70.000 170.000 39.000 47.000 57.000 6.000 82.000 5.000 156.000 134.000 12.000 337.000 63.000 80.000 292.000 103.000 2.000 138.000 94.000 62.000 89.000 133.000 84.936 74.000 12.000 109.000 468.000 514.000 55.000 34.000 104.000 82.000 12.000 83.000 57.000 75.000 78.000 63.000 106.949 141.000 102.000 12.000 219.000 100.000 134.000 117.000 
40.000 12.000 17.000 1.000 12.000 12.000 10.000 12.000 0.000 12.000 12.000 462.000 37.000 74.000 12.000 356.000 406.000 12.000 12.000 351.000 363.000 227.000 150.000 636.000 268.000 267.868 263.000 351.000 263.000 402.000 251.378 342.000 28.000 397.000 12.000 78.000 357.000 351.000 187.000 12.000 190.000 363.000 77.000 192.000 329.000 355.000 399.000 352.000 12.000 226.000 395.000 255.000 307.000 242.000 359.000 352.000 257.000 160.000 343.000 446.000 12.000 41.000 342.000 34.000 12.000 382.000 400.000 392.000 281.000 261.000 88.000 268.000 12.000 347.000 12.000 398.000 12.000 400.000 338.000 297.000 244.000 324.000 343.000 183.000 150.000 358.000 3.000 371.000 382.000 487.000 337.000 203.000 382.000 180.000 400.000 410.000 280.000 12.000 203.000 12.000 492.000 161.000 325.000 325.000 390.000 398.000 437.000 12.000 12.000 341.000 352.000 394.000 49.000 209.143 250.000 12.000 437.000 423.000 406.000 359.000 357.000 403.000 348.000 12.000 390.000 12.000 362.000 360.000 18.000 44.000 218.000 12.000 382.252 398.000 563.000 205.000 369.054 87.000 303.000 95.000 362.000 214.000 233.000 41.000 384.000 28.000 383.000 12.000 300.000 390.000 350.000 360.000 389.000 650.000 354.000 432.000 344.000 352.000 397.000 327.000 422.000 12.000 418.000 414.000 362.000 532.000 395.000 422.000 295.000 451.000 300.000 406.000 396.000 135.000 395.000 72.000 415.000 25.000 407.000 212.000 482.000 435.000 372.023 328.000 403.609 219.000 331.000 274.000 259.000 361.373 235.000 387.000 406.000 203.000 282.000 12.000 335.000 258.000 161.000 426.000 
25.000 11.000 12.000 4.000 12.000 12.000 3.000 12.000 12.000 0.000 1.000 351.000 101.000 156.000 12.000 24.000 119.000 12.000 1.000 41.000 3.000 192.000 44.000 281.000 136.621 147.000 107.000 12.000 144.000 119.000 301.000 25.000 371.000 70.000 12.000 9.000 98.000 12.000 196.000 3.000 2.000 59.000 12.000 154.000 61.000 52.000 82.000 12.000 12.000 48.687 73.000 153.174 1.000 134.000 12.000 1.000 135.000 22.000 12.000 98.000 11.000 30.000 12.000 97.000 2.000 53.000 62.000 92.000 12.000 112.000 32.000 125.509 11.000 247.000 50.000 134.000 35.000 41.000 33.000 12.000 94.000 340.000 12.000 158.000 12.000 46.000 11.000 31.000 69.035 103.000 17.000 178.000 86.000 128.000 119.000 144.000 171.000 25.000 58.885 15.000 203.000 113.000 38.000 12.000 12.000 102.000 83.000 66.000 4.000 38.000 15.000 111.000 367.000 199.033 240.000 12.000 148.000 164.000 94.000 74.000 12.000 111.442 90.000 12.000 79.000 79.379 62.000 12.000 12.000 368.000 1.000 12.000 65.079 91.000 72.000 206.933 100.824 47.000 155.000 12.000 12.000 331.000 132.000 7.000 59.000 12.000 25.000 117.000 172.000 92.000 12.000 54.375 55.000 100.000 87.000 164.000 21.000 35.000 60.000 1.000 101.000 53.000 142.000 170.000 43.159 361.000 12.000 89.000 354.000 191.000 12.000 138.000 75.000 138.000 125.000 121.000 109.000 61.000 102.000 135.000 366.000 428.384 103.000 1.000 111.000 109.000 12.000 136.000 12.000 70.248 71.000 25.000 107.184 12.000 131.000 12.000 227.000 163.000 178.000 100.000 
89.000 6.000 12.000 12.000 7.000 12.000 2.000 43.000 12.000 1.000 0.000 55.000 260.000 124.000 262.000 182.641 303.000 291.000 12.000 176.000 198.000 646.000 491.000 532.000 96.000 144.000 114.000 221.368 87.000 257.000 289.000 181.000 303.000 268.000 180.932 186.000 165.000 89.000 124.000 12.000 176.661 181.000 180.154 146.000 168.000 219.000 271.000 225.000 202.332 12.000 234.000 109.657 149.153 116.000 311.000 182.000 142.000 126.000 69.000 479.000 12.000 192.799 94.000 287.000 203.000 143.000 479.000 264.000 247.000 120.000 266.000 131.000 12.000 189.000 187.945 287.564 181.802 255.028 178.000 172.000 88.000 441.000 163.000 141.000 319.000 196.000 170.151 272.000 204.776 297.000 670.000 116.000 268.000 94.000 248.000 261.524 327.000 290.000 229.000 455.000 290.000 114.000 184.000 191.000 142.000 265.386 310.000 205.000 180.089 166.635 71.000 242.000 298.000 458.000 212.000 12.000 152.000 120.000 286.000 294.000 57.000 111.000 226.000 12.000 263.000 12.000 224.000 288.000 306.000 188.000 150.000 200.173 182.111 258.000 391.000 168.000 135.000 232.000 145.000 12.000 227.000 274.590 138.000 200.000 235.000 196.000 257.000 112.000 83.000 246.000 199.621 206.373 207.730 575.000 233.000 1258.000 184.224 175.328 305.000 152.847 210.000 420.000 271.000 281.000 170.000 184.000 255.000 338.000 381.000 356.000 163.000 199.000 235.000 297.000 240.294 136.000 347.000 203.000 282.000 105.000 427.000 591.000 261.000 169.000 307.000 259.000 186.007 125.000 194.617 180.091 255.000 401.000 275.000 124.365 125.000 285.000 188.000 90.329 114.000 308.000 
324.000 230.000 353.000 221.000 360.000 204.000 12.000 201.000 462.000 351.000 200.000 0.000 417.000 175.000 390.000 12.000 396.000 12.000 12.000 25.000 348.000 253.000 405.000 634.000 258.000 260.001 241.000 352.000 229.000 228.000 148.000 328.000 62.000 404.000 320.000 12.000 395.000 12.000 213.000 1.000 12.000 389.000 25.000 195.000 309.000 100.000 360.000 187.000 12.000 213.000 397.000 248.651 322.000 212.000 401.000 333.000 273.000 263.000 12.000 462.000 12.000 396.000 320.000 410.000 10.000 342.000 448.000 399.000 12.000 158.000 12.000 263.000 12.000 336.000 12.000 411.000 357.000 103.000 172.000 78.000 226.000 322.000 342.000 191.000 134.000 325.000 2.000 240.000 403.000 573.000 352.000 188.490 393.000 203.000 408.000 416.000 248.000 419.000 359.000 25.000 390.000 394.000 311.838 341.000 359.000 409.000 440.000 378.000 12.000 12.000 103.000 403.000 25.000 135.000 295.000 12.000 472.000 523.000 404.000 360.000 12.000 384.239 422.000 12.000 412.000 34.000 351.000 306.000 379.000 49.000 12.000 194.000 94.000 402.000 369.000 12.000 389.000 197.000 350.000 331.000 12.000 251.063 274.000 329.000 354.000 4.000 100.000 12.000 297.000 384.000 12.000 361.000 361.000 388.000 134.000 546.000 359.000 358.000 407.000 327.000 381.000 359.000 406.000 427.360 364.000 605.000 376.873 410.000 324.000 481.000 94.000 460.000 387.000 398.000 95.000 122.000 383.000 374.000 250.000 238.000 315.000 358.573 370.000 328.000 402.000 406.000 55.000 245.000 31.000 345.000 442.931 391.000 411.000 192.000 259.000 12.000 328.000 230.000 191.000 406.000 
12.000 12.000 117.000 12.000 12.000 373.000 12.000 110.000 37.000 101.000 260.000 417.000 0.000 198.000 12.000 73.000 150.000 152.000 1.000 47.000 95.000 198.000 58.000 275.000 147.000 177.064 136.000 90.000 178.628 84.000 332.000 12.000 386.000 110.000 12.000 12.000 96.000 1.000 204.000 1.000 12.000 26.000 12.000 180.000 69.000 23.000 94.000 91.000 32.000 169.000 102.000 168.531 47.000 172.000 80.000 65.000 166.000 12.000 16.000 148.000 5.000 25.000 2.000 110.000 12.000 60.000 141.000 116.000 92.462 202.000 104.000 156.000 25.000 291.000 12.000 156.000 47.000 123.869 83.000 2.000 94.000 359.000 58.000 185.000 12.000 97.000 52.000 108.000 131.000 137.000 88.000 205.000 101.000 156.000 122.000 110.000 162.000 110.000 12.000 327.000 156.000 80.000 72.000 52.000 110.000 135.000 105.000 133.000 12.000 40.000 12.000 121.000 387.000 239.460 250.000 12.000 101.000 184.000 125.000 49.000 12.000 76.931 41.000 12.000 112.000 12.000 57.000 170.000 12.000 364.000 16.000 24.000 76.000 57.000 505.000 242.000 124.542 25.000 199.000 31.000 50.000 352.000 163.000 12.000 12.000 39.000 25.000 31.000 198.000 68.000 37.000 89.000 93.294 111.000 47.000 158.000 75.000 48.000 67.000 12.000 108.000 99.000 133.000 158.952 70.000 375.000 35.000 76.000 473.000 187.000 1.000 12.000 100.000 143.388 134.253 273.000 120.000 98.000 144.000 140.000 496.000 362.000 118.000 88.000 138.000 119.000 12.000 165.000 12.000 91.487 98.000 53.000 127.000 146.000 141.000 12.000 226.000 156.000 187.000 125.000 
31.000 84.000 127.000 97.000 149.000 6.000 123.000 125.000 74.000 156.000 124.000 175.000 198.000 0.000 156.000 123.000 188.000 114.000 12.000 228.000 121.000 195.000 120.000 459.000 167.146 142.000 680.000 91.000 168.000 181.000 348.000 81.000 389.000 102.000 63.000 110.000 284.000 94.000 221.000 12.000 25.000 91.000 57.000 170.000 78.000 12.000 111.000 183.000 91.000 151.000 82.000 51.000 58.000 184.000 100.000 75.000 30.000 130.000 78.000 135.000 50.000 95.000 47.000 18.000 70.000 159.000 126.000 175.000 106.351 203.000 105.000 164.347 12.000 259.000 99.000 172.000 92.000 174.000 115.000 82.000 124.000 38.000 59.000 215.000 35.000 158.000 60.000 115.000 154.000 931.000 109.000 63.000 281.000 145.000 125.000 521.000 622.000 62.000 47.000 283.000 153.000 93.000 47.000 122.000 172.000 107.000 237.000 133.000 12.000 52.000 68.000 178.000 387.000 75.000 288.000 90.000 202.000 290.000 141.000 68.000 72.000 458.000 93.000 12.000 27.000 70.000 181.000 389.000 183.000 395.000 12.000 107.000 78.000 97.000 254.000 227.000 122.000 12.000 344.000 85.000 163.000 63.000 168.000 87.000 204.000 15.000 104.000 222.000 228.000 131.000 78.000 114.000 137.000 156.000 107.000 182.000 92.000 80.000 80.000 58.000 86.000 102.000 314.000 211.000 75.000 152.000 157.000 190.000 494.000 255.000 12.000 234.000 359.000 119.000 424.000 290.000 147.000 67.000 142.000 148.963 426.000 96.000 156.000 199.000 135.000 172.000 76.000 297.000 66.000 100.000 86.000 125.000 171.000 197.000 178.000 12.000 216.000 178.000 185.000 328.000 
137.707 12.000 13.000 3.000 12.000 12.000 8.000 64.000 12.000 12.000 262.000 390.000 12.000 156.000 0.000 25.000 63.000 25.000 10.000 12.000 23.000 58.000 14.000 23.000 98.000 96.000 107.000 45.000 102.000 63.000 277.000 3.000 322.000 63.000 20.000 1.000 52.000 12.000 172.000 1.000 4.000 32.000 6.000 108.000 22.000 26.000 62.000 3.000 12.000 91.000 53.000 96.000 14.745 105.000 9.000 1.000 115.000 104.000 12.000 53.000 12.000 43.000 2.000 77.000 12.000 31.000 38.000 27.000 44.000 105.000 42.000 98.000 5.000 227.000 47.494 2.000 31.000 12.000 28.000 14.000 70.000 69.000 36.000 141.000 12.000 1.000 12.000 62.000 72.000 87.000 9.000 147.000 50.000 78.000 70.000 103.000 106.000 80.000 26.000 12.000 78.000 58.000 7.000 27.000 2.000 12.000 58.000 65.000 6.000 12.000 12.000 66.000 323.000 155.000 226.000 12.000 257.000 65.000 92.000 12.000 7.000 87.000 25.000 10.000 49.000 12.000 37.185 52.000 52.000 330.000 12.000 12.000 41.929 63.000 39.000 186.662 56.000 15.000 134.000 36.000 61.000 313.397 112.000 1.000 31.000 12.000 50.000 25.000 139.000 12.000 9.000 40.000 61.953 72.000 76.000 159.000 12.000 26.000 58.000 5.000 54.000 12.000 65.000 97.000 18.000 304.000 34.000 57.000 423.000 85.000 10.000 91.000 41.000 70.827 70.000 144.000 64.000 22.000 12.000 101.000 303.000 369.000 44.000 16.000 85.000 51.000 12.000 94.000 40.000 46.712 75.000 25.000 76.948 105.000 99.000 12.000 203.000 110.000 134.000 105.000 
118.000 2.000 47.000 12.000 49.000 12.000 12.000 54.000 356.000 24.000 182.641 12.000 73.000 123.000 25.000 0.000 208.000 12.000 12.000 54.000 56.000 65.000 555.000 425.000 149.305 185.008 156.000 60.000 170.000 192.000 316.851 63.000 358.000 141.000 12.000 12.000 158.000 90.000 230.000 26.000 59.000 86.000 81.000 165.000 57.000 73.000 108.000 151.000 12.000 134.000 90.000 190.000 60.662 142.000 58.000 59.000 16.000 231.000 54.000 22.000 32.000 71.878 45.000 108.000 48.000 76.000 304.000 194.000 165.000 189.000 107.000 179.000 28.106 284.000 80.000 192.000 12.000 157.000 90.000 12.000 144.000 421.000 58.000 177.000 228.000 62.000 19.000 12.000 121.000 128.000 716.000 178.000 174.000 140.000 164.000 149.000 203.000 266.000 93.000 264.000 532.000 163.000 154.000 73.000 48.000 226.272 236.000 80.000 59.000 33.000 121.000 119.000 407.000 60.000 281.000 38.000 182.000 376.000 398.000 116.000 68.000 144.000 95.000 12.000 136.000 46.000 184.000 170.476 132.000 400.000 25.000 142.219 78.000 108.000 325.000 219.000 82.000 144.000 444.000 96.000 145.000 198.000 76.000 25.000 55.000 31.000 174.000 114.000 195.000 124.000 96.000 54.000 133.000 181.000 104.000 242.000 54.000 46.000 136.000 59.000 117.000 93.000 161.000 197.000 47.000 195.000 24.000 188.000 353.000 229.000 49.000 218.000 275.000 132.000 188.000 170.000 180.000 51.000 125.000 150.000 466.000 605.000 138.000 105.000 149.000 109.000 78.000 158.000 12.000 55.000 131.000 27.000 157.000 170.000 260.000 70.000 372.000 179.000 208.000 145.000 
181.000 12.000 100.000 62.000 103.000 406.000 79.000 102.000 406.000 119.000 303.000 396.000 150.000 188.000 63.000 208.000 0.000 10.000 2.000 12.000 12.000 179.000 24.000 250.000 104.000 117.000 104.000 12.000 123.000 78.000 273.000 22.000 328.000 41.000 12.000 2.000 61.000 11.000 181.000 1.000 12.000 12.000 12.000 121.000 17.000 28.000 47.000 12.000 12.000 50.425 47.000 108.000 1.000 58.000 12.000 8.000 133.000 12.000 12.000 63.000 12.000 12.000 12.000 7.000 4.000 2.000 25.000 79.327 12.000 25.000 12.000 12.000 4.000 229.000 12.000 114.860 3.000 78.000 17.000 12.000 81.000 282.000 12.000 168.000 12.000 11.000 6.000 22.000 63.000 78.000 20.000 174.000 12.000 111.000 53.000 84.000 123.000 6.000 12.000 12.000 112.000 75.000 29.000 33.000 12.000 12.000 32.000 58.000 3.000 12.000 12.000 59.000 335.000 168.000 226.000 5.000 125.000 119.000 88.000 62.000 12.000 84.000 47.000 6.000 62.000 12.000 32.000 12.000 1.000 350.000 12.000 6.000 49.468 46.000 77.000 182.000 75.473 9.000 152.000 12.000 12.000 304.000 118.000 1.000 12.000 6.000 25.000 25.000 159.000 81.000 12.000 24.000 9.000 84.000 47.000 101.000 8.000 42.000 4.000 1.000 12.000 12.000 97.000 12.000 12.000 304.000 48.000 60.000 318.000 104.000 12.000 8.000 50.000 12.000 87.000 189.000 12.000 16.000 12.000 102.000 417.000 304.000 54.000 25.000 40.000 63.000 12.000 117.000 12.000 26.000 62.000 12.000 86.000 125.000 102.000 6.000 12.000 128.000 144.000 91.000 
12.000 12.000 142.000 12.000 12.000 12.000 7.000 94.000 12.000 12.000 291.000 12.000 152.000 114.000 25.000 12.000 10.000 0.000 5.000 12.000 41.000 162.000 25.000 303.000 96.000 123.000 104.000 12.000 125.000 118.000 67.000 38.000 345.000 47.000 16.000 42.000 50.000 12.000 171.000 2.000 12.000 34.000 38.000 70.000 20.000 50.000 31.000 15.000 12.000 132.000 57.000 116.798 1.000 160.000 1.000 10.000 153.000 71.000 12.000 72.000 12.000 131.000 13.000 100.000 2.000 179.000 104.000 125.000 122.000 120.000 76.000 12.000 26.000 231.000 12.000 150.000 56.000 147.000 35.000 49.000 12.000 341.000 24.000 152.000 12.000 25.000 2.000 76.000 91.000 120.000 40.000 151.000 47.000 132.000 113.000 94.000 146.000 92.000 151.000 12.000 46.000 114.000 22.000 40.000 76.000 12.000 65.000 58.000 1.000 32.000 53.000 83.000 343.000 166.684 242.000 12.000 116.000 125.000 93.000 58.000 41.000 82.000 37.000 12.000 96.000 69.000 89.000 93.000 58.000 375.000 1.000 12.000 61.208 102.000 71.000 187.188 78.640 54.000 78.000 48.000 90.000 338.000 122.000 12.000 78.000 12.000 55.000 114.000 148.000 52.000 40.000 31.000 11.000 143.000 43.000 152.000 44.000 37.000 76.000 12.000 166.000 12.000 109.000 95.000 60.000 333.000 118.000 70.000 398.000 93.000 12.000 106.000 77.000 99.000 94.000 190.000 93.000 12.000 12.000 12.000 435.000 469.155 86.000 39.000 104.333 66.000 24.000 123.000 49.000 107.000 94.000 12.000 105.000 121.000 103.000 12.000 230.000 138.000 103.000 88.000 
4.000 1.000 12.000 1.000 5.000 2.000 1.000 12.000 12.000 1.000 12.000 12.000 1.000 12.000 10.000 12.000 2.000 5.000 0.000 12.000 172.000 75.000 25.000 406.000 77.000 12.000 38.000 12.000 12.000 203.000 117.000 12.000 216.000 194.000 12.000 12.000 192.000 5.000 26.000 1.000 12.000 12.000 12.000 35.000 127.000 98.000 180.000 140.000 8.000 62.000 203.000 66.000 122.000 7.000 152.000 109.000 28.000 12.000 12.000 204.000 12.000 105.000 15.000 205.000 4.000 175.000 254.000 200.000 12.000 47.000 12.000 12.000 1.000 178.000 12.000 47.000 12.000 12.000 146.000 12.000 57.000 222.000 6.000 12.000 12.000 12.000 78.000 1.000 187.000 211.000 160.000 39.000 193.000 32.000 197.000 200.000 38.000 16.000 12.000 12.000 203.000 203.000 125.000 43.000 1.000 180.000 100.000 188.000 1.000 135.000 12.000 227.000 202.000 12.000 111.000 12.000 235.000 30.000 192.000 28.000 12.000 169.000 193.000 12.000 199.000 12.000 156.000 31.000 1.000 227.000 12.000 12.000 32.000 202.000 197.000 56.000 195.000 12.000 56.000 3.000 16.000 202.000 61.000 25.000 161.000 12.000 12.000 44.000 131.000 181.000 12.000 153.000 25.000 198.000 156.000 41.000 70.000 195.000 74.000 12.000 140.000 12.000 198.000 11.000 151.000 313.000 204.000 156.000 263.000 205.000 12.000 250.000 150.000 12.000 194.000 12.000 47.000 25.000 12.000 12.000 276.000 317.196 141.000 123.000 183.000 187.000 3.000 11.000 12.000 154.000 12.000 12.000 72.000 1.000 60.000 12.000 151.000 51.000 12.000 203.000 
12.000 3.000 48.000 12.000 12.000 12.000 10.000 12.000 351.000 41.000 176.000 25.000 47.000 228.000 12.000 54.000 12.000 12.000 12.000 0.000 54.000 110.000 58.000 395.000 122.000 166.000 37.000 97.000 158.000 140.000 373.000 76.000 399.000 106.000 12.000 58.000 103.000 12.000 217.000 12.000 25.000 93.000 96.000 148.000 201.000 61.000 176.000 67.000 12.000 110.000 127.000 133.000 4.000 154.000 47.000 27.000 175.000 12.000 39.000 181.000 82.000 70.245 12.000 235.000 12.000 203.000 141.000 23.000 67.000 148.000 119.000 12.000 12.000 299.000 12.000 231.000 36.000 110.000 86.000 40.000 121.000 375.000 85.000 197.000 101.000 12.000 12.000 79.000 114.000 186.000 72.000 172.000 157.000 132.000 125.000 215.000 164.121 88.000 34.896 234.000 141.000 141.000 86.000 100.000 12.000 150.000 183.000 87.000 12.000 64.000 67.000 92.000 378.000 21.000 293.000 42.000 149.000 179.000 105.000 98.000 112.000 121.000 118.000 12.000 245.000 65.257 85.000 129.000 110.000 396.000 12.000 12.000 81.036 304.000 637.000 226.000 205.000 110.000 178.000 12.000 94.000 436.926 178.000 12.000 84.000 61.000 76.000 128.000 330.000 177.000 62.000 83.000 54.000 102.000 52.000 211.000 57.000 64.000 156.000 41.000 169.000 109.000 134.000 275.000 86.000 97.000 63.000 101.000 444.000 172.000 12.000 130.000 81.000 171.000 94.000 188.000 213.000 125.000 136.000 163.000 98.000 190.000 113.000 122.000 86.000 142.000 25.000 174.000 12.000 105.000 98.000 151.000 106.000 183.000 410.000 12.000 267.000 179.852 193.000 105.000 
78.000 12.000 26.000 12.000 50.000 25.000 12.000 50.000 363.000 3.000 198.000 348.000 95.000 121.000 23.000 56.000 12.000 41.000 172.000 54.000 0.000 189.000 39.000 350.000 127.000 131.000 115.000 12.000 150.000 93.000 309.000 29.000 337.000 28.000 10.000 27.000 89.000 12.000 217.000 4.000 12.000 63.000 12.000 156.000 33.000 53.000 78.000 13.000 12.000 136.000 70.000 132.983 1.000 143.000 5.000 29.000 166.000 90.000 8.000 153.000 12.000 12.000 12.000 93.000 12.000 104.000 60.000 71.000 12.000 125.000 12.000 118.000 12.000 241.000 56.000 122.000 1.000 121.000 54.000 12.000 103.000 12.000 1.000 185.000 12.000 26.000 7.000 36.000 78.000 96.000 29.000 194.000 8.000 12.000 89.000 100.000 156.000 60.000 59.000 12.000 121.000 66.000 27.000 51.000 12.000 84.000 81.000 70.000 12.000 17.000 60.000 67.000 370.000 214.000 258.000 1.000 116.000 107.000 71.775 31.000 12.000 76.000 42.000 10.000 93.000 12.000 39.000 99.000 25.000 376.000 12.000 12.000 31.000 54.000 293.000 12.000 111.174 12.000 163.000 12.000 80.000 339.000 133.000 8.000 56.000 28.000 16.000 41.000 183.000 99.000 54.000 26.976 50.000 92.000 54.000 181.000 54.000 47.000 99.000 12.000 92.000 12.000 99.000 19.000 12.000 203.000 56.000 94.000 458.000 118.000 12.000 174.000 28.000 100.000 112.000 182.000 102.000 12.000 87.000 139.000 430.000 373.000 98.248 58.000 102.918 93.000 12.000 138.000 12.000 27.000 109.000 110.000 81.000 206.000 129.000 12.000 203.000 146.000 184.000 136.000 
94.000 109.000 166.000 106.000 209.000 215.000 97.000 175.000 227.000 192.000 646.000 253.000 198.000 195.000 145.000 37.000 179.000 162.000 75.000 39.000 189.000 0.000 125.000 266.000 24.000 35.000 13.000 12.000 8.000 60.000 184.000 19.000 249.000 127.000 12.000 12.000 115.000 2.000 25.000 1.000 12.000 12.000 12.000 46.000 95.000 100.000 12.000 75.000 12.000 29.000 133.000 2.000 77.000 22.000 12.000 76.000 32.000 12.000 12.000 109.000 2.000 12.000 12.000 126.000 12.000 111.000 156.000 107.000 125.000 17.000 12.000 9.000 12.000 134.000 35.000 125.000 12.000 12.000 68.000 12.000 2.000 12.000 84.000 78.000 12.000 95.000 31.000 112.000 156.000 157.000 141.000 52.000 141.000 10.000 194.000 162.000 2.000 31.000 104.000 135.000 141.000 125.000 87.000 12.000 127.000 12.000 121.000 147.000 12.000 12.000 6.000 184.000 251.000 55.000 160.000 9.000 180.000 207.000 25.000 103.000 12.000 125.000 103.000 12.000 131.000 12.000 88.000 12.000 21.000 267.000 12.000 12.000 36.000 147.000 94.000 118.000 120.588 12.000 15.000 12.000 71.000 228.000 38.000 25.000 12.000 7.000 75.000 8.000 78.000 109.000 47.000 132.000 98.000 173.000 103.000 13.000 114.000 64.000 59.000 2.000 119.000 12.000 142.000 12.000 111.000 238.000 117.000 88.000 306.000 180.000 2.000 25.000 45.000 153.648 155.000 55.000 38.000 12.000 125.000 22.000 12.000 357.153 117.000 94.000 163.000 96.000 7.000 30.000 12.000 105.000 152.000 25.000 136.000 32.000 10.000 12.000 96.000 28.000 79.000 180.000 
135.000 22.000 44.000 14.000 61.000 40.000 31.000 46.000 150.000 44.000 491.000 405.000 58.000 120.000 14.000 555.000 24.000 25.000 25.000 58.000 39.000 125.000 0.000 219.000 87.000 123.926 117.000 12.000 49.000 12.000 271.000 3.000 336.000 47.000 12.000 12.000 87.000 12.000 192.000 1.000 3.000 12.000 12.000 125.000 13.000 23.000 12.000 2.000 12.000 80.358 56.000 105.000 1.000 151.000 1.000 12.000 122.000 12.000 12.000 68.000 4.000 1.000 12.000 9.000 3.000 23.000 44.000 48.000 12.000 22.000 12.000 12.000 6.000 230.000 12.000 22.000 12.000 41.000 38.000 12.000 82.000 75.000 2.000 156.000 12.000 2.000 2.000 26.000 76.000 61.000 24.000 132.000 8.000 111.000 77.000 59.000 129.000 78.000 42.648 12.000 64.000 63.000 12.000 33.000 12.000 7.000 17.000 77.000 3.000 6.000 12.000 52.000 12.000 12.000 250.000 2.000 101.000 22.000 51.000 58.000 12.000 88.000 43.000 7.000 55.000 12.000 25.000 12.000 4.000 351.000 12.000 5.000 12.000 100.000 47.000 69.000 58.727 12.000 119.000 11.000 8.000 324.000 128.000 1.000 12.000 1.000 12.000 12.000 153.000 68.000 12.000 28.000 31.000 78.000 12.000 25.000 23.000 48.000 46.000 5.000 62.000 12.000 86.000 12.000 12.000 242.000 12.000 92.000 311.000 102.000 7.000 12.000 12.000 29.000 12.000 163.000 71.000 16.000 12.000 112.000 373.000 281.000 31.000 10.000 62.000 92.000 5.000 116.000 3.000 56.266 12.000 46.000 12.000 108.000 105.000 2.000 197.000 134.000 30.000 110.000 
150.000 292.000 306.000 156.000 306.000 606.000 306.000 328.000 636.000 281.000 532.000 634.000 275.000 459.000 65.000 425.000 250.000 303.000 406.000 395.000 350.000 266.000 219.000 0.000 121.000 141.000 118.000 12.000 113.000 83.000 279.000 7.000 344.000 25.000 2.000 12.000 72.000 12.000 204.000 1.000 12.000 59.000 12.000 133.000 28.000 45.000 61.000 25.000 9.000 136.000 51.000 137.000 1.000 125.000 7.000 25.000 152.000 12.000 12.000 97.000 3.000 41.000 4.000 72.000 12.000 62.000 76.000 76.000 53.000 122.000 12.000 12.000 12.000 268.000 12.000 145.165 1.000 12.000 28.000 12.000 102.000 269.000 25.000 184.000 12.000 12.000 2.000 33.000 60.000 129.000 16.000 195.000 102.000 12.000 94.000 94.000 158.000 27.000 51.512 12.000 100.000 75.000 23.000 53.000 12.000 102.000 61.000 72.000 4.000 12.000 12.000 79.000 365.000 202.000 258.000 2.000 121.000 108.000 92.000 29.000 18.000 51.000 24.000 5.000 51.000 12.000 38.000 47.000 73.000 389.000 3.000 12.000 12.000 74.000 94.000 199.000 105.000 12.000 173.000 12.000 55.000 347.000 151.000 4.000 12.000 11.000 29.000 130.000 156.000 65.000 12.000 15.000 59.000 86.000 45.000 111.000 35.000 47.000 104.000 4.000 83.000 54.000 94.000 111.000 15.000 164.000 12.000 101.000 407.000 115.000 31.000 136.000 11.000 47.000 97.000 183.000 104.000 48.000 93.000 126.000 454.000 375.000 86.517 25.000 102.000 103.000 12.000 130.000 12.000 56.000 21.000 15.000 102.000 135.000 107.000 8.000 202.000 147.000 12.000 109.000 
53.000 42.000 125.043 123.000 144.713 219.000 55.000 85.000 268.000 136.621 96.000 258.000 147.000 167.146 98.000 149.305 104.000 96.000 77.000 122.000 127.000 24.000 87.000 121.000 0.000 134.000 127.000 6.000 125.000 98.000 201.000 12.000 346.000 63.000 2.000 11.000 213.000 12.000 187.000 1.000 12.000 25.000 12.000 134.000 50.000 16.000 50.000 25.000 12.000 3.000 235.000 134.248 2.000 148.000 43.000 22.000 138.000 12.000 11.000 250.000 12.000 12.000 12.000 12.000 1.000 73.000 78.000 50.000 12.000 103.000 7.000 12.000 12.000 222.000 3.000 101.000 12.000 47.000 12.000 12.000 101.000 342.000 44.000 154.000 12.000 33.000 31.000 12.000 73.000 246.000 26.000 171.000 12.000 111.000 78.000 112.000 140.000 12.000 12.000 56.000 266.000 228.000 28.000 30.000 12.000 12.000 65.000 62.000 2.000 7.000 12.000 2.000 343.000 170.000 247.000 4.000 148.000 139.000 72.000 231.000 12.000 94.000 74.000 12.000 13.000 12.000 10.000 12.000 12.000 351.000 4.000 6.000 62.000 85.000 55.000 155.000 216.573 12.000 127.000 12.000 93.000 324.000 137.000 12.000 12.000 9.000 25.000 12.000 133.000 62.000 12.000 64.000 73.000 110.000 16.000 117.000 36.000 31.000 56.000 6.000 231.000 12.000 120.000 20.000 25.000 279.000 32.000 102.000 319.000 127.000 12.000 203.000 12.000 87.000 101.000 171.000 103.000 223.000 96.000 121.000 308.000 297.000 107.000 23.000 88.000 94.602 12.000 140.000 12.000 56.863 95.000 12.000 105.000 91.000 110.000 3.000 195.000 132.000 157.000 102.000 
38.877 8.000 138.704 109.000 163.000 163.000 84.000 114.000 267.868 147.000 144.000 260.001 177.064 142.000 96.000 185.008 117.000 123.000 12.000 166.000 131.000 35.000 123.926 141.000 134.000 0.000 106.000 200.551 102.000 257.000 191.509 191.004 246.000 235.000 22.000 12.000 281.000 219.000 66.000 1.000 109.000 222.000 12.000 54.000 192.000 203.000 250.000 156.000 32.000 84.880 230.000 69.000 190.674 56.000 166.000 193.000 72.000 12.000 188.000 266.000 177.000 120.000 110.000 284.000 12.000 180.000 12.000 241.000 12.000 100.000 235.000 12.000 20.000 212.000 223.000 275.000 229.000 307.000 12.000 12.000 103.000 236.000 107.000 156.000 133.000 188.000 125.000 40.000 174.000 277.000 197.000 131.000 238.000 44.000 248.000 279.000 185.000 259.000 12.000 12.000 252.000 290.000 175.000 179.000 128.000 227.000 237.000 208.000 12.000 195.000 208.000 227.000 230.000 52.471 106.000 12.000 285.000 303.000 288.000 248.000 195.000 252.000 198.000 12.000 114.000 227.039 235.000 257.000 233.000 245.000 78.000 12.000 234.000 283.000 226.000 84.105 353.000 80.000 126.000 198.000 9.000 234.890 132.000 12.000 203.000 10.000 248.000 164.000 144.000 269.000 70.000 211.000 232.000 265.000 247.000 341.000 177.000 204.000 223.000 190.000 414.000 12.000 293.000 327.000 192.000 338.000 259.000 201.000 355.000 259.000 205.000 147.000 257.000 250.000 75.000 86.000 341.000 25.000 272.000 89.000 348.000 410.000 230.000 180.000 262.000 234.000 12.000 79.000 218.000 221.909 232.000 125.000 259.933 3.000 135.000 5.000 168.000 114.000 133.000 255.000 
32.000 88.000 116.000 124.000 137.000 236.000 106.000 145.000 263.000 107.000 114.000 241.000 136.000 680.000 107.000 156.000 104.000 104.000 38.000 107.000 115.000 13.000 117.000 118.000 127.000 106.000 0.000 90.000 186.195 152.000 376.000 25.000 370.000 101.000 12.000 83.000 181.000 62.000 180.000 1.000 53.000 45.000 56.000 182.655 76.000 22.000 162.000 72.000 47.000 158.000 203.000 147.000 2.000 31.000 27.000 83.000 174.000 12.000 27.000 117.000 12.000 62.000 46.000 160.000 54.000 25.000 227.000 157.000 25.000 202.000 112.000 147.000 49.000 300.000 28.000 25.000 72.000 160.000 71.000 71.000 134.000 368.000 12.000 208.000 162.000 192.000 36.000 59.000 132.000 133.000 83.000 203.000 156.000 185.000 175.000 295.000 170.000 120.000 36.148 16.000 155.000 84.000 71.000 68.000 152.000 149.000 45.000 123.000 12.000 25.000 50.000 134.000 376.000 224.000 285.000 12.000 56.000 98.000 134.000 80.000 69.000 70.000 28.000 12.000 448.000 1.000 83.000 266.000 115.000 411.000 31.000 49.000 58.000 113.000 405.000 115.000 160.000 49.000 602.000 39.000 63.000 365.000 187.000 31.000 55.000 31.000 1.000 148.000 200.000 128.000 55.000 98.000 59.599 79.000 92.000 30.000 84.000 42.000 139.000 45.000 101.000 69.000 125.000 118.000 91.000 298.000 52.000 130.000 398.000 275.000 39.000 157.000 78.000 125.000 124.000 24.000 136.000 94.000 110.000 143.000 295.000 118.000 88.000 153.000 80.000 148.000 24.000 154.000 51.000 89.000 17.000 99.000 120.000 61.000 147.000 57.000 248.000 175.000 195.000 406.000 
